L 5 339 3
L 9 0 15
L 14 339 3
L 18 0 15
L 23 321 3
L 27 0 15
L 32 321 3
L 36 0 15
L 41 285 3
L 46 0 15
L 50 285 3
L 55 0 15
L 59 321 3
L 64 0 15
L 68 321 3
L 73 0 15
L 77 285 3
L 82 0 15
L 86 427 3
L 91 0 15
L 96 254 3
L 100 0 15
L 105 380 3
L 109 0 15
L 114 226 3
L 118 0 15
L 123 339 3
L 127 0 15
L 132 321 3
L 137 0 15
L 141 226 3
L 146 0 15
L 150 339 3
L 155 0 15
L 159 339 3
L 164 0 15
L 168 321 3
L 173 0 15
L 178 321 3
L 182 0 15
L 187 285 3
L 191 0 15
L 196 285 3
L 200 0 15
L 205 321 3
L 209 0 15
L 214 321 3
L 218 0 15
L 223 285 3
L 228 0 15
L 232 427 3
L 237 0 15
L 241 254 3
L 246 0 15
L 250 380 3
L 255 0 15
L 259 226 3
L 264 0 15
L 269 339 3
L 273 0 15
L 278 321 3
L 282 0 15
L 287 226 3
L 291 0 15
L 296 339 3
L 300 0 15
L 305 339 3
L 310 0 15
L 314 321 3
L 319 0 15
L 323 321 3
L 328 0 15
L 332 285 3
L 337 0 15
L 341 285 3
L 346 0 15
L 350 321 3
L 355 0 15
L 360 321 3
L 364 0 15
L 369 285 3
L 373 0 15
L 378 427 3
L 382 0 15
L 387 254 3
L 391 0 15
L 396 380 3
L 401 0 15
L 405 226 3
L 410 0 15
L 414 339 3
L 419 0 15
L 423 321 3
L 428 0 15
L 432 226 3
L 437 0 15
L 442 339 3
L 446 0 15
L 451 339 3
L 455 0 15
L 460 321 3
L 464 0 15
L 469 321 3
L 473 0 15
L 478 285 3
L 482 0 15
L 487 285 3
L 492 0 15
L 496 321 3
L 501 0 15
L 505 321 3
L 510 0 15
L 514 285 3
L 519 0 15
L 523 427 3
L 528 0 15
L 533 254 3
L 537 0 15
L 542 380 3
L 546 0 15
L 551 226 3
L 555 0 15
L 560 339 3
L 564 0 15
L 569 321 3
L 574 0 15
L 578 226 3
L 583 0 15
B 0 854 6 339 7
B 9 854 6 0 15
B 18 571 6 380 7
B 27 571 6 0 15
B 36 508 6 285 7
B 46 508 6 0 15
B 55 678 6 321 7
B 64 678 6 0 15
B 73 639 6 339 7
B 82 639 6 0 15
B 91 854 6 380 7
B 100 854 6 0 15
B 109 571 6 285 7
B 118 571 6 0 15
B 127 571 6 321 7
B 137 571 6 0 15
B 146 854 6 339 7
B 155 854 6 0 15
B 164 571 6 380 7
B 173 571 6 0 15
B 182 508 6 285 7
B 191 508 6 0 15
B 200 678 6 321 7
B 209 678 6 0 15
B 218 639 6 339 7
B 228 639 6 0 15
B 237 854 6 380 7
B 246 854 6 0 15
B 255 571 6 285 7
B 264 571 6 0 15
B 273 571 6 321 7
B 282 571 6 0 15
B 291 854 6 0 15
B 310 571 6 0 15
B 328 508 6 0 15
B 346 678 6 0 15
B 364 639 6 0 15
B 382 854 6 0 15
B 401 571 6 0 15
B 419 571 6 0 15
B 437 854 6 0 15
B 455 571 6 0 15
B 473 508 6 0 15
B 492 678 6 0 15
B 510 639 6 0 15
B 528 854 6 0 15
B 546 571 6 0 15
B 564 571 6 0 15
B 583 0 15 0 15
